61,7
61,6
61,5
1,1
61,4
1,5
1,3
1,0
2,98
2,1
2,13
2,3
2,0
61,1
61,3
0,445
0,376
61,0
479,59
0,422
479,1
479,3
0,438
479,0
0,310
0,305
423,1
423,3
423,0
422,1
422,3
422,0
421,1
421,3
421,0
420,1
420,3
420,0
419,1
419,3
419,0
418,1
418,3
418,0
417,1
417,3
417,0
416,1
416,3
416,0
415,1
415,3
415,0
414,1
414,3
414,0
412,1
412,3
412,0
413,1
413,3
0,508
413,0
408,1
408,3
408,0
407,1
407,3
407,0
406,1
406,3
406,0
405,1
405,3
405,0
404,1
404,3
404,0
403,1
403,3
403,0
402,1
402,3
402,0
401,1
401,3
401,0
400,1
400,3
400,0
399,1
399,3
399,0
398,1
398,3
0,485
0,430
398,0
0,425
0,9
0,364
0,359
0,494
0,470
0,455
0,450
0,446
0,432
0,459
0,453
0,482
0,464
0,465
0,434
0,308
0,304
0,303
0,302
0,307
0,444
0,12
0,373
0,10
0,452
0,8
0,0
0,415
0,300
0,433
0,299
0,339
0,298
0,337
0,297
0,507
0,296
0,424
0,295
0,335
0,294
0,381
0,293
0,429
0,292
0,490
0,291
0,402
0,290
0,334
0,289
0,363
0,288
0,345
0,287
0,394
0,286
0,498
0,285
0,333
0,284
0,487
0,283
0,361
0,282
0,404
0,281
0,495
0,280
0,393
0,279
0,340
0,278
0,496
61,8
0,243
0,306
0,309
0,317
0,319
0,354
0,375
0,377
0,382
0,386
0,390
0,392
0,397
0,406
0,407
0,411
0,412
0,416
0,421
0,423
0,437
0,440
0,447
0,449
0,451
0,456
0,457
0,463
0,469
0,476
0,479
0,481
0,486
0,489
0,492
0,497
0,501
1,4
1,6
2,2
2,4
2,7
2,9
2,10
2,12
2,14
2,16
2,18
2,19
2,21
2,22
2,24
2,26
2,27
2,29
2,30
2,32
2,33
2,35
2,65
2,66
2,68
2,69
2,71
2,73
2,74
2,76
2,77
2,79
2,80
2,82
2,84
2,85
2,87
2,88
2,90
2,92
2,93
2,95
2,96
2,99
2,100
2,102
2,104
2,105
2,107
2,108
2,110
2,112
2,113
2,115
2,116
2,118
2,120
2,121
2,123
2,124
3,0
3,1
3,3
3,5
3,6
4,1
4,2
24,0
24,3
24,4
24,6
24,7
24,9
25,0
25,3
25,5
25,6
25,8
25,9
25,11
25,13
25,14
25,16
25,17
25,19
25,20
25,22
25,24
25,25
26,1
26,3
26,5
26,17
26,21
27,1
27,3
27,5
27,6
27,23
27,25
28,0
28,2
28,3
28,5
28,7
29,0
29,2
29,3
30,0
30,3
30,4
31,0
31,1
31,4
32,0
32,3
33,0
33,1
33,4
33,6
34,1
34,3
34,4
35,0
35,1
35,3
35,4
35,6
36,0
36,1
36,3
36,4
36,6
36,8
36,9
37,1
37,3
37,5
38,0
38,2
38,4
39,0
39,3
39,4
40,1
40,3
40,4
41,0
41,1
41,4
42,0
42,1
42,4
42,5
43,1
43,3
43,5
43,9
43,10
43,13
43,14
44,1
45,0
45,1
46,0
46,1
47,0
47,1
48,0
48,3
48,4
48,6
49,0
49,3
49,6
49,7
50,1
50,3
51,0
51,1
51,4
52,0
52,1
52,5
53,0
53,3
54,1
54,3
54,5
55,0
55,3
55,5
56,1
56,4
56,5
57,0
57,1
57,6
58,1
58,3
58,5
59,0
59,3
60,0
60,1
60,3
60,4
62,0
62,1
62,3
62,5
62,6
62,8
62,9
62,11
62,13
62,14
62,16
62,17
63,0
63,1
63,3
63,5
64,0
64,2
64,3
64,5
65,0
65,1
66,0
66,1
66,4
67,0
67,3
68,1
68,3
69,1
69,3
70,1
71,0
71,1
72,0
72,1
73,0
73,3
74,0
74,3
74,6
75,1
75,3
76,0
76,2
76,3
76,5
76,6
77,1
78,0
78,1
78,4
78,5
78,7
78,8
78,10
79,0
79,1
80,0
80,1
81,0
81,3
81,4
82,1
82,3
83,1
83,2
83,4
83,6
83,7
83,9
83,10
84,1
84,4
84,5
84,8
84,9
84,11
84,13
84,14
84,16
84,17
84,19
84,20
84,22
84,24
84,25
84,29
84,30
84,32
84,34
84,35
84,38
84,39
85,1
85,3
85,5
86,0
86,1
86,4
87,0
87,3
88,1
88,3
89,1
89,3
90,0
90,1
90,4
90,6
91,0
91,3
91,7
92,1
93,0
93,1
94,0
94,1
95,0
95,1
96,0
96,3
97,0
97,3
98,0
98,3
99,1
99,3
100,1
100,3
101,1
102,0
102,1
103,0
103,1
104,0
104,1
105,0
105,3
106,0
106,3
107,0
107,3
108,1
108,3
109,1
109,3
110,1
110,3
111,1
112,0
112,1
113,0
113,1
113,4
114,1
114,3
115,1
115,3
115,5
116,0
116,3
116,5
117,0
117,2
117,3
117,5
118,1
118,2
118,4
118,5
118,7
118,9
118,10
119,0
119,1
119,6
120,0
120,3
121,1
121,2
121,4
121,5
121,7
121,9
122,0
122,2
122,3
122,5
122,6
122,8
122,10
122,11
123,1
123,3
124,1
125,0
125,1
126,0
126,1
127,0
127,1
127,4
128,1
128,3
128,5
128,7
129,1
130,0
130,1
130,4
130,5
131,0
131,1
131,5
132,1
132,3
133,0
133,1
133,4
134,0
134,1
135,0
135,1
135,4
136,1
136,3
137,1
137,3
138,1
138,3
139,0
139,2
139,3
139,5
140,0
140,3
140,5
141,0
141,3
142,0
142,3
143,0
143,3
144,1
144,3
145,1
145,3
146,1
146,4
147,0
147,3
148,0
148,2
148,3
148,5
148,7
148,8
148,10
148,11
149,0
149,3
149,4
150,1
150,3
151,1
152,0
152,1
153,0
153,1
154,0
154,1
154,4
155,1
155,3
156,0
156,1
156,3
156,5
156,6
157,1
157,3
157,6
158,0
158,3
159,0
159,1
160,0
160,1
160,4
160,6
160,7
160,9
160,10
160,12
160,13
160,15
161,1
161,3
161,5
161,6
162,0
162,3
163,0
163,3
163,5
164,1
164,3
165,1
166,0
166,1
166,5
167,0
167,3
168,1
168,3
169,1
169,2
169,4
169,6
169,7
169,9
170,0
170,3
171,0
171,3
172,1
172,3
173,1
173,3
173,5
174,1
174,3
175,1
175,3
176,1
176,3
177,1
177,4
177,5
178,1
178,3
179,1
180,0
180,1
180,6
181,0
181,3
182,0
182,3
183,1
183,3
184,1
184,3
185,1
186,0
186,1
187,0
187,1
188,0
188,3
189,0
189,3
190,0
190,3
191,0
191,3
192,1
192,3
193,1
193,3
194,1
195,0
195,1
196,0
196,1
197,0
197,1
197,4
198,1
198,3
199,1
199,3
200,1
201,0
201,1
201,4
202,0
202,3
203,0
203,3
203,5
203,6
204,1
204,3
204,6
205,1
205,3
206,1
206,3
207,1
208,0
208,1
209,0
209,1
210,0
210,1
211,0
211,3
212,0
212,3
213,0
213,3
214,1
214,3
215,1
215,3
216,1
216,3
216,5
217,0
217,1
218,0
218,1
219,0
219,3
220,0
220,3
221,0
221,3
221,4
222,0
222,3
222,4
223,1
223,3
224,1
224,4
224,6
225,1
225,3
226,1
226,3
227,1
228,0
228,1
229,0
229,1
230,0
230,3
231,0
231,3
232,0
232,3
233,1
233,3
233,6
234,0
234,3
234,4
235,1
236,0
236,1
237,0
237,1
238,0
238,3
239,0
239,3
240,0
240,3
241,0
241,3
242,1
242,3
242,6
243,0
243,3
244,1
244,3
245,1
245,3
246,1
246,3
247,1
248,0
248,1
249,0
249,1
250,0
250,3
251,0
251,3
252,0
252,3
253,1
253,3
254,1
254,3
255,1
255,3
256,1
257,0
257,1
258,0
258,1
259,0
259,3
260,0
260,3
261,0
261,3
262,0
262,3
263,1
263,3
264,1
264,3
265,1
266,0
266,1
267,0
267,1
268,0
268,1
269,0
269,3
270,0
270,3
271,0
271,3
272,1
272,3
273,0
273,1
274,0
274,1
275,0
275,3
276,0
276,3
277,0
277,3
278,1
278,3
279,1
279,3
280,0
280,3
281,0
281,3
282,0
282,3
283,0
283,3
284,1
284,3
285,0
285,1
286,0
286,3
287,0
287,3
287,4
288,1
288,3
289,0
289,3
290,0
290,3
291,0
291,3
292,0
292,1
293,0
293,1
294,0
294,1
295,0
295,3
295,4
296,1
296,3
297,0
297,3
298,0
298,3
299,0
299,3
300,1
300,3
301,1
301,3
302,1
302,3
303,1
303,4
304,0
304,2
304,3
305,0
305,3
305,6
306,1
306,3
307,1
307,3
308,1
308,4
308,5
309,0
309,1
309,4
310,0
310,1
311,0
311,1
311,4
312,0
312,3
312,5
312,6
313,1
313,3
313,6
314,1
314,3
315,0
315,1
316,0
316,1
317,0
317,3
318,0
318,3
319,0
319,3
320,1
320,3
321,0
321,1
322,0
322,3
323,0
323,3
323,4
324,1
324,3
325,0
325,3
325,4
326,1
326,3
327,1
328,0
328,1
329,0
329,1
330,0
330,1
331,0
331,3
332,0
332,3
333,0
333,3
334,0
334,1
335,0
335,1
335,5
336,0
336,3
337,1
337,3
338,1
338,3
339,1
340,0
340,1
340,4
341,0
341,3
342,0
342,1
343,0
343,1
344,0
344,1
345,0
345,3
346,0
346,3
347,0
347,3
348,1
348,3
349,1
349,3
350,1
350,3
351,0
351,3
351,4
352,1
352,3
353,0
353,3
354,0
354,3
355,0
355,3
356,0
356,3
357,1
357,3
358,1
358,3
359,1
360,0
360,1
361,0
361,1
362,0
362,3
363,0
363,3
363,4
364,1
364,3
365,1
366,0
366,1
367,0
367,1
367,4
368,1
368,3
369,0
369,1
370,0
370,1
371,0
371,3
372,0
372,3
373,0
373,3
374,1
374,3
375,1
375,3
376,0
376,1
377,0
377,3
378,0
378,3
379,0
379,3
380,1
380,3
381,1
381,3
382,1
382,3
383,0
383,3
384,0
384,3
385,0
385,3
386,1
386,3
387,1
387,3
388,1
389,0
389,1
390,0
390,1
391,0
391,1
392,0
392,3
393,0
393,3
394,0
394,3
395,1
395,3
396,1
396,3
397,0
397,1
398,4
398,6
398,7
400,4
409,0
409,3
410,1
410,3
424,1
424,3
425,1
425,3
426,1
427,0
427,1
428,0
428,1
429,0
429,3
430,0
430,3
431,0
431,3
432,1
432,3
433,1
433,3
434,1
434,3
435,1
436,0
436,1
437,0
437,1
438,0
438,3
439,0
439,3
440,0
440,3
441,0
441,3
442,1
442,3
443,1
443,3
444,1
444,4
445,0
445,3
445,4
446,1
446,3
447,1
448,0
448,1
449,0
449,1
450,0
450,3
451,0
451,3
451,5
452,1
452,2
452,4
453,0
453,1
454,0
454,1
454,5
455,1
455,3
456,1
456,3
457,1
458,0
458,1
459,0
459,1
460,0
460,1
461,0
461,3
462,0
462,3
463,0
463,3
464,1
464,3
465,1
465,3
466,1
466,3
467,1
468,0
468,1
469,0
469,1
470,0
470,3
471,0
471,3
472,0
472,3
473,0
473,3
474,1
474,3
475,1
475,3
476,1
477,0
477,1
478,0
478,1
479,2
479,5
479,6
479,8
479,9
479,11
479,12
479,14
479,16
479,17
479,19
479,20
479,22
479,24
479,25
479,27
479,28
479,30
479,31
479,33
479,35
479,36
479,38
479,39
479,41
479,43
479,44
479,46
479,47
479,49
479,50
479,52
479,54
479,55
479,57
479,58
479,60
479,56
479,53
479,51
479,48
479,45
479,42
479,40
479,37
479,34
479,32
479,29
479,26
479,23
479,21
479,18
479,15
479,13
479,10
479,7
479,4
478,3
477,3
476,3
476,0
475,0
474,0
473,1
472,1
471,1
470,1
469,3
468,3
467,3
467,0
466,0
465,0
464,0
463,1
462,1
461,1
460,3
459,3
458,3
457,3
457,0
456,0
455,0
454,3
453,3
452,5
452,3
452,0
451,1
450,1
449,3
448,3
447,3
447,0
446,0
445,1
444,3
444,0
443,0
442,0
441,1
440,1
439,1
438,1
437,3
436,3
435,3
435,0
434,0
433,0
432,0
431,1
430,1
429,1
428,3
427,3
426,3
426,0
425,0
424,0
410,0
409,1
400,2
398,5
397,3
396,4
396,0
395,0
394,1
393,1
392,1
391,3
390,3
389,3
388,3
388,0
387,0
386,0
385,1
384,1
383,1
382,4
382,0
381,0
380,0
379,1
378,1
377,1
376,3
375,4
375,0
374,0
373,1
372,1
371,1
370,3
369,3
368,4
368,0
367,3
366,3
365,3
365,0
364,0
363,1
362,1
361,3
360,3
359,3
359,0
358,0
357,0
356,1
355,1
354,1
353,1
352,4
352,0
351,1
350,4
350,0
349,0
348,0
347,1
346,1
345,1
344,3
343,3
342,3
341,4
341,1
340,3
339,3
339,0
338,0
337,0
336,1
335,3
334,3
333,4
333,1
332,1
331,1
330,3
329,3
328,3
327,3
327,0
326,0
325,1
324,4
324,0
323,1
322,1
321,3
320,4
320,0
319,1
318,1
317,1
316,3
315,3
314,4
314,0
313,4
313,0
312,4
312,1
311,3
310,3
309,6
309,3
308,6
308,3
308,0
307,0
306,0
305,1
304,4
304,1
303,3
303,0
302,0
301,0
300,0
299,1
298,1
297,1
296,4
296,0
295,1
294,3
293,3
292,3
291,4
291,1
290,1
289,1
288,4
288,0
287,1
286,1
285,3
284,4
284,0
283,1
282,1
281,1
280,1
279,4
279,0
278,0
277,1
276,1
275,1
274,3
273,3
272,4
272,0
271,1
270,1
269,1
268,3
267,3
266,3
265,3
265,0
264,0
263,0
262,1
261,1
260,1
259,1
258,3
257,3
256,3
256,0
255,0
254,0
253,0
252,1
251,1
250,1
249,3
248,3
247,3
247,0
246,0
245,0
244,0
243,1
242,5
242,0
241,1
240,1
239,1
238,1
237,3
236,3
235,3
235,0
234,1
233,4
233,0
232,1
231,1
230,1
229,3
228,3
227,3
227,0
226,0
225,0
224,3
224,0
223,0
222,1
221,6
221,1
220,1
219,1
218,3
217,3
216,6
216,4
216,0
215,0
214,0
213,1
212,1
211,1
210,3
209,3
208,3
207,3
207,0
206,0
205,0
204,4
204,0
203,4
203,1
202,1
201,3
200,3
200,0
199,0
198,0
197,3
196,3
195,3
194,3
194,0
193,0
192,0
191,1
190,1
189,1
188,1
187,3
186,3
185,3
185,0
184,0
183,0
182,1
181,1
180,3
179,3
179,0
178,0
177,3
177,0
176,0
175,0
174,0
173,4
173,0
172,0
171,1
170,1
169,8
169,5
169,3
169,0
168,0
167,1
166,3
165,3
165,0
164,0
163,1
162,1
161,7
161,4
161,0
160,14
160,11
160,8
160,5
160,3
159,3
158,4
158,1
157,4
157,0
156,4
156,2
155,4
155,0
154,3
153,3
152,3
151,3
151,0
150,0
149,1
148,12
148,9
148,6
148,4
148,1
147,1
146,3
146,0
145,0
144,0
143,1
142,1
141,1
140,4
140,1
139,4
139,1
138,4
138,0
137,0
136,0
135,3
134,3
133,6
133,3
132,5
132,0
131,3
130,7
130,3
129,3
129,0
128,4
128,0
127,3
126,3
125,3
124,3
124,0
123,0
122,9
122,7
122,4
122,1
121,8
121,6
121,3
121,0
120,1
119,3
118,11
118,8
118,6
118,3
118,0
117,4
117,1
116,4
116,1
115,4
115,0
114,0
113,3
112,3
111,3
111,0
110,0
109,0
108,0
107,1
106,1
105,1
104,3
103,3
102,3
101,3
101,0
100,0
99,0
98,1
97,1
96,1
95,3
94,3
93,3
92,3
92,0
91,1
90,5
90,3
89,4
89,0
88,0
87,1
86,3
85,6
85,4
85,0
84,37
84,33
84,31
84,28
84,23
84,21
84,18
84,15
84,12
84,10
84,6
84,3
84,0
83,8
83,5
83,3
83,0
82,0
81,1
80,3
79,3
78,11
78,9
78,6
78,3
77,3
77,0
76,4
76,1
75,5
75,0
74,1
73,1
72,3
71,3
70,3
70,0
69,0
68,0
67,1
66,3
65,3
64,6
64,4
64,1
63,4
63,2
62,18
62,15
62,12
62,10
62,7
62,4
62,2
61,2
60,2
59,4
59,1
58,4
58,0
57,3
56,6
56,3
56,0
55,1
54,4
54,0
53,1
52,3
51,5
51,3
50,5
50,0
49,4
49,1
48,5
48,1
47,3
46,3
45,3
44,3
44,0
43,11
43,6
43,4
43,0
42,3
41,5
41,3
40,5
40,2
40,0
39,1
38,3
38,1
37,4
37,0
36,7
36,5
36,2
35,7
35,5
35,2
34,5
34,2
34,0
33,3
32,6
32,1
31,3
30,5
30,1
29,4
29,1
28,6
28,4
28,1
27,24
27,20
27,4
27,0
26,16
26,4
26,0
25,23
25,21
25,18
25,15
25,12
25,10
25,7
25,4
25,1
24,8
24,5
24,1
4,3
4,0
3,4
3,2
2,128
2,122
2,119
2,117
2,114
2,111
2,109
2,106
2,103
2,101
2,97
2,94
2,91
2,89
2,86
2,83
2,81
2,78
2,75
2,72
2,70
2,67
2,64
2,34
2,31
2,28
2,25
2,23
2,20
2,17
2,15
2,11
2,8
2,6
1,7
1,2
0,493
0,491
0,484
0,477
0,471
0,458
0,454
0,448
0,443
0,427
0,419
0,413
0,409
0,399
0,391
0,388
0,380
0,374
0,322
0,312
0,301
0,277
0,276
0,369
0,275
0,480
0,274
0,328
0,273
0,329
0,272
0,478
0,271
0,379
0,270
0,360
0,269
0,472
0,268
0,326
0,267
0,362
0,266
0,315
0,265
0,466
0,264
0,358
0,263
0,325
0,262
0,324
0,261
0,260
0,368
0,259
0,506
0,258
0,357
0,257
0,405
0,256
0,408
0,255
0,474
0,254
0,331
0,253
0,378
0,252
0,356
0,251
0,428
0,250
0,249
0,332
0,248
0,420
0,247
0,355
0,246
0,426
0,245
0,327
0,244
0,389
0,242
0,509
0,241
0,323
0,240
0,316
0,239
0,238
0,410
0,237
0,321
0,236
0,387
0,235
0,418
0,234
0,366
0,233
0,365
0,232
0,483
0,231
0,505
0,230
0,313
0,229
0,414
0,228
0,314
0,227
0,504
0,226
0,367
0,225
0,403
0,224
0,349
0,223
0,320
0,222
0,384
0,221
0,460
0,220
0,353
0,219
0,372
0,218
0,336
0,217
0,396
0,216
0,462
0,215
0,352
0,214
0,344
0,213
0,503
0,212
0,342
0,211
0,210
0,350
0,209
0,208
0,442
0,207
0,318
0,206
0,311
0,205
0,441
0,204
0,351
0,203
0,401
0,202
0,499
0,201
0,439
0,200
0,436
0,199
0,400
0,198
0,197
0,511
0,196
0,475
0,195
0,461
0,194
0,338
0,193
0,473
0,192
0,510
0,63
0,330
0,62
0,435
0,61
0,488
0,60
0,346
0,59
0,348
0,58
0,383
0,57
0,56
0,502
0,55
0,343
0,54
0,53
0,341
0,52
0,370
0,51
0,371
0,50
0,417
0,49
0,385
0,48
0,347
0,47
0,398
0,46
0,395
0,45
0,500
0,6
0,5
0,1
0,431
0,11
0,4
0,2
0,3
0,7
